[
    {
        "user_name": "testuser",
        "id": "Abc_250326Z125053T",
        "summary": "[[\"breaths\", \"time_s\", \"bpm\"], [18, 23.06, 46.8], \"\"]",
        "breaths": "[[\"breath\", \"ts_s\", \"in_flow_time_s\", \"in_flow_vol_ml\", \"ex_vol_ml\", \"pk_flow_slm\", \"p_press_cmH2O\"], [1, 1.52, 0.64, 546, 552, 80.77, 6.68], [2, 2.72, 0.58, 571, 601, 83.16, 8.42], [3, 3.87, 0.55, 530, 508, 86.86, 7.84], [4, 5.06, 0.58, 431, 413, 67.8, 16.01], [5, 6.19, 0.51, 458, 442, 76.35, 15.39], [6, 7.46, 0.61, 436, 391, 77.83, 18.9], [7, 8.71, 0.6, 436, 393, 69.97, 15.27], [8, 9.93, 0.61, 551, 323, 81.04, 10.9], [9, 11.11, 0.51, 478, 405, 83.98, 10.32], [10, 12.36, 0.63, 563, 365, 82.03, 12.17], [11, 13.61, 0.61, 534, 382, 81.19, 12.74], [12, 14.88, 0.59, 425, 362, 64.03, 20.66], [13, 16.22, 0.65, 410, 457, 73.35, 25.62], [14, 17.63, 0.71, 618, 409, 86.7, 7.77], [15, 18.88, 0.64, 631, 379, 93.73, 10.45], [16, 20.22, 0.58, 605, 465, 105.07, 7.18], [17, 21.49, 0.58, 591, 444, 90.14, 8.65], [18, 22.82, 0.55, 517, 416, 88.42, 7.4], \"\"]"
    },
    {
        "user_name": "testuser",
        "id": "Xin Test_250326Z124624T",
        "summary": "[[\"breaths\", \"time_s\", \"bpm\"], [9, 15.77, 34.2], \"\"]",
        "breaths": "[[\"breath\", \"ts_s\", \"in_flow_time_s\", \"in_flow_vol_ml\", \"ex_vol_ml\", \"pk_flow_slm\", \"p_press_cmH2O\"], [1, 2.86, 0.78, 481, 662, 59.56, 18.21], [2, 4.37, 0.74, 298, 545, 44.21, 33.9], [3, 6.62, 0.79, 430, 1148, 63.3, 25.93], [4, 8.11, 0.78, 557, 369, 65.92, 21.1], [5, 9.54, 0.63, 617, 508, 94.17, 12.31], [6, 10.96, 0.66, 444, 405, 59.1, 24.37], [7, 12.44, 0.7, 543, 475, 77.5, 21.41], [8, 13.9, 0.72, 429, 441, 57.23, 19.83], [9, 15.4, 0.64, 414, 374, 57.67, 19.43], \"\"]"
    },
    {
        "user_name": "testuser",
        "id": "Xin Test_250326Z124707T",
        "summary": "[[\"breaths\", \"time_s\", \"bpm\"], [9, 29.38, 18.4], \"\"]",
        "breaths": "[[\"breath\", \"ts_s\", \"in_flow_time_s\", \"in_flow_vol_ml\", \"ex_vol_ml\", \"pk_flow_slm\", \"p_press_cmH2O\"], [1, 1.93, 0.72, 735, 430, 101.61, 3.98], [2, 14.55, 6.15, 6405, 3212, 94.86, 9.57], [3, 15.94, 0.68, 677, 430, 78.26, 9.99], [4, 20.22, 1.5, 1497, 1112, 89.89, 7.63], [5, 21.85, 0.77, 782, 727, 94.56, 6.95], [6, 23.45, 0.81, 905, 626, 92.56, 5.99], [7, 25.03, 0.77, 847, 529, 97.64, 6.27], [8, 26.77, 0.77, 867, 482, 91.69, 8.03], [9, 28.49, 0.64, 591, 573, 95.39, 5.0], \"\"]"
    },
    {
        "user_name": "testuser",
        "id": "paulmcav_250319Z193430T",
        "summary": "[[\"breaths\", \"time_s\", \"bpm\"], [3, 5.75, 31.3], \"\"]",
        "breaths": "[[\"breath\", \"ts_s\", \"in_flow_time_s\", \"in_flow_vol_ml\", \"ex_vol_ml\", \"pk_flow_slm\", \"p_press_cmH2O\"], [1, 1.91, 0.81, 307, 274, 36.8, 5.87], [2, 3.46, 0.74, 269, 228, 25.76, 5.63], [3, 4.97, 0.73, 235, 256, 22.81, 5.94], \"\"]"
    },
    {
        "user_name": "testuser",
        "id": "sotrainee-log_250326Z112829T",
        "summary": "[[\"breaths\", \"time_s\", \"bpm\"], [4, 8.6, 27.9], \"\"]",
        "breaths": "[[\"breath\", \"ts_s\", \"in_flow_time_s\", \"in_flow_vol_ml\", \"ex_vol_ml\", \"pk_flow_slm\", \"p_press_cmH2O\"], [1, 2.6, 0.76, 682, 946, 72.42, 3.54], [2, 4.35, 0.79, 629, 838, 56.76, 3.04], [3, 6.16, 0.82, 609, 729, 54.18, 1.85], [4, 7.98, 0.78, 571, 547, 53.44, 1.95], \"\"]"
    },
    {
        "user_name": "testuser",
        "id": "sotrainee-log_250326Z125006T",
        "summary": "[[\"breaths\", \"time_s\", \"bpm\"], [6, 9.57, 37.6], \"\"]",
        "breaths": "[[\"breath\", \"ts_s\", \"in_flow_time_s\", \"in_flow_vol_ml\", \"ex_vol_ml\", \"pk_flow_slm\", \"p_press_cmH2O\"], [1, 2.35, 0.75, 643, 650, 94.5, 7.67], [2, 3.81, 0.65, 588, 835, 75.84, 10.05], [3, 5.11, 0.67, 658, 600, 83.13, 9.03], [4, 6.42, 0.65, 650, 655, 101.12, 10.55], [5, 7.76, 0.63, 548, 744, 79.74, 10.67], [6, 9.13, 0.63, 455, 628, 80.19, 8.43], \"\"]"
    }
]